2 0.973437 0.429167 0.028125 0.0791667
0 0.146875 0.659375 0.13125 0.08125
0 0.339063 0.166667 0.171875 0.1875
2 0.833594 0.817708 0.0203125 0.0770833
2 0.334375 0.786458 0.021875 0.122917
0 0.479688 0.697917 0.153125 0.0958333
2 0.0976562 0.55 0.0390625 0.0875
2 0.871094 0.541667 0.0234375 0.0833333
2 0.769531 0.892708 0.0171875 0.0895833
2 0.119531 0.448958 0.0359375 0.0520833
2 0.184375 0.651042 0.165625 0.21875
2 0.640625 0.609375 0.340625 0.439583
1 0.04375 0.376042 0.05 0.21875
1 0.845312 0.0229167 0.09375 0.0458333
2 0.219531 0.602083 0.0265625 0.0875
1 0.30625 0.05625 0.04375 0.1125
2 0.394531 0.43125 0.0109375 0.0916667
1 0.0945313 0.165625 0.0484375 0.210417
2 0.769531 0.823958 0.0234375 0.0895833
2 0.810156 0.65625 0.0328125 0.075
2 0.832031 0.853125 0.0140625 0.0895833
1 0.929688 0.114583 0.140625 0.0375
2 0.595312 0.741667 0.078125 0.241667
0 0.258594 0.39375 0.117188 0.0958333
2 0.353906 0.344792 0.0171875 0.0520833
2 0.320312 0.703125 0.021875 0.10625
1 0.375 0.341667 0.296875 0.3375
0 0.096875 0.776042 0.034375 0.297917
2 0.246094 0.785417 0.0265625 0.120833
2 0.379687 0.347917 0.015625 0.0625
1 0.539062 0.851042 0.2625 0.135417
2 0.0726563 0.586458 0.0390625 0.0854167
2 0.430469 0.683333 0.0828125 0.0958333
2 0.858594 0.575 0.0234375 0.0625
1 0.589063 0.844792 0.30625 0.06875
2 0.207813 0.617708 0.025 0.0979167
0 0.06875 0.971875 0.1 0.05625
0 0.289844 0.866667 0.164062 0.129167
2 0.071875 0.653125 0.028125 0.11875
1 0.261719 0.925 0.0234375 0.0958333
2 0.185937 0.764583 0.08125 0.158333
1 0.771875 0.358333 0.028125 0.0458333
2 0.13125 0.436458 0.028125 0.0604167
2 0.930469 0.625 0.0421875 0.0375
1 0.341406 0.45625 0.0078125 0.0916667
2 0.248437 0.85 0.025 0.125
2 0.820312 0.928125 0.01875 0.0604167
1 0.0492188 0.53125 0.0984375 0.108333
2 0.81875 0.855208 0.015625 0.09375
1 0.625781 0.4 0.0328125 0.0541667
1 0.773438 0.0427083 0.1375 0.0479167
1 0.565625 0.590625 0.096875 0.210417
0 0.164062 0.191667 0.115625 0.116667
0 0.50625 0.897917 0.140625 0.0958333
2 0.809375 0.819792 0.01875 0.0854167
1 0.592969 0.897917 0.135937 0.195833
0 0.794531 0.701042 0.114063 0.18125
2 0.135156 0.732292 0.0515625 0.08125
2 0.630469 0.244792 0.154687 0.19375
1 0.583594 0.807292 0.317187 0.0604167
2 0.746094 0.854167 0.0140625 0.120833
1 0.9375 0.275 0.125 0.0416667
1 0.796094 0.021875 0.126563 0.04375
2 0.700781 0.457292 0.120312 0.10625
2 0.821094 0.423958 0.0328125 0.0770833
0 0.742188 0.841667 0.1 0.183333
2 0.557813 0.648958 0.021875 0.0895833
1 0.807813 0.35625 0.025 0.0416667
1 0.632031 0.234375 0.735937 0.20625
2 0.2625 0.903125 0.01875 0.127083
2 0.832812 0.210417 0.16875 0.2125
0 0.794531 0.894792 0.0734375 0.0520833
0 0.807813 0.0677083 0.153125 0.135417
0 0.441406 0.61875 0.251563 0.183333
1 0.942969 0.0427083 0.114063 0.0229167
1 0.792969 0.101042 0.0546875 0.160417
0 0.292188 0.667708 0.090625 0.0479167
1 0.290625 0.2375 0.1 0.154167
2 0.560156 0.45 0.0328125 0.0916667
0 0.691406 0.932292 0.0734375 0.0520833
1 0.747656 0.301042 0.0265625 0.0395833
1 0.746875 0.31875 0.028125 0.0416667
0 0.695312 0.585417 0.084375 0.0958333
2 0.639063 0.405208 0.021875 0.06875
2 0.957812 0.870833 0.034375 0.0916667
1 0.911719 0.09375 0.132812 0.0458333
1 0.358594 0.38125 0.0171875 0.05
2 0.108594 0.551042 0.0296875 0.06875
2 0.911719 0.438542 0.0296875 0.0645833
0 0.435156 0.836458 0.148438 0.10625
1 0.0421875 0.432292 0.084375 0.11875
2 0.809375 0.928125 0.015625 0.0520833
2 0.255469 0.734375 0.0796875 0.147917
2 0.110156 0.208333 0.0984375 0.0708333
1 0.635938 0.8125 0.2625 0.108333
2 0.759375 0.821875 0.01875 0.102083
2 0.207813 0.719792 0.028125 0.11875
0 0.25 0.23125 0.0625 0.1875
2 0.821875 0.661458 0.034375 0.0645833
1 0.533594 0.453125 0.0140625 0.0645833
1 0.494531 0.141667 0.0265625 0.104167
2 0.748438 0.49375 0.1125 0.0708333
2 0.871094 0.477083 0.0328125 0.0916667
1 0.888281 0.114583 0.139062 0.0666667
1 0.782031 0.355208 0.0265625 0.0354167
1 0.391406 0.155208 0.0234375 0.102083
0 0.842969 0.919792 0.110937 0.0729167
0 0.0960938 0.851042 0.192188 0.147917
2 0.758594 0.890625 0.0140625 0.0854167
0 0.207813 0.096875 0.075 0.0979167
1 0.460156 0.316667 0.0578125 0.0625
0 0.4125 0.952083 0.184375 0.0958333
2 0.0570313 0.714583 0.114063 0.158333
2 0.270312 0.669792 0.025 0.10625
1 0.480469 0.028125 0.114063 0.05625
0 0.636719 0.090625 0.201562 0.18125
2 0.2375 0.883333 0.025 0.108333
1 0.522656 0.176042 0.0328125 0.102083
1 0.386719 0.236458 0.267188 0.239583
2 0.388281 0.333333 0.120312 0.304167
1 0.295312 0.390625 0.05625 0.0895833
2 0.096875 0.582292 0.040625 0.0854167
2 0.796875 0.927083 0.015625 0.0625
1 0.767969 0.385417 0.0234375 0.0291667
0 0.528125 0.515625 0.10625 0.185417
1 0.141406 0.567708 0.0484375 0.252083
0 0.570312 0.715625 0.109375 0.23125
2 0.285156 0.819792 0.0234375 0.139583
2 0.535156 0.415625 0.0109375 0.06875
2 0.960156 0.420833 0.0796875 0.0958333
2 0.371094 0.382292 0.0140625 0.0354167
2 0.333594 0.722917 0.0234375 0.108333
2 0.685938 0.76875 0.228125 0.2
0 0.576563 0.539583 0.309375 0.104167
2 0.871094 0.577083 0.0328125 0.0916667
2 0.3 0.885417 0.021875 0.108333
2 0.932031 0.253125 0.0734375 0.114583
2 0.514844 0.542708 0.204688 0.122917
2 0.463281 0.407292 0.0328125 0.05625
2 0.55625 0.769792 0.109375 0.235417
1 0.294531 0.159375 0.148438 0.19375
2 0.536719 0.290625 0.0484375 0.01875
2 0.982813 0.79375 0.034375 0.1
2 0.808594 0.853125 0.0140625 0.09375
0 0.435937 0.819792 0.275 0.102083
0 0.457031 0.896875 0.148438 0.11875
0 0.4375 0.0729167 0.14375 0.145833
2 0.963281 0.389583 0.0734375 0.075
1 0.190625 0.575 0.090625 0.229167
1 0.4375 0.555208 0.26875 0.14375
2 0.735156 0.453125 0.0265625 0.08125
2 0.084375 0.566667 0.04375 0.0833333
2 0.232031 0.636458 0.0265625 0.0979167
0 0.250781 0.777083 0.0484375 0.275
2 0.883594 0.578125 0.0265625 0.0895833
2 0.394531 0.396875 0.0140625 0.0604167
0 0.942969 0.430208 0.0578125 0.339583
2 0.733594 0.564583 0.182812 0.329167
2 0.859375 0.540625 0.01875 0.05625
2 0.297656 0.81875 0.0265625 0.145833
2 0.319531 0.470833 0.0234375 0.0625
0 0.796094 0.136458 0.0796875 0.127083
2 0.732031 0.890625 0.0234375 0.10625
2 0.157031 0.528125 0.145313 0.0854167
2 0.922656 0.855208 0.0296875 0.05625
0 0.432031 0.591667 0.154687 0.120833
2 0.90625 0.577083 0.046875 0.1
1 0.445312 0.519792 0.025 0.0645833
2 0.477344 0.404167 0.0234375 0.0708333
1 0.810156 0.370833 0.0265625 0.0416667
1 0.207031 0.635417 0.0265625 0.104167
1 0.31875 0.153125 0.03125 0.10625
2 0.678906 0.485417 0.0296875 0.0625
1 0.75625 0.107292 0.034375 0.135417
0 0.350781 0.683333 0.0890625 0.1125
1 0.579687 0.772917 0.325 0.0625
1 0.883594 0.541667 0.0203125 0.0708333
2 0.282813 0.76875 0.021875 0.104167
2 0.366406 0.346875 0.0140625 0.0479167
1 0.151562 0.295833 0.034375 0.191667
2 0.923437 0.486458 0.040625 0.114583
2 0.101562 0.88125 0.025 0.0833333
0 0.679688 0.3625 0.24375 0.0666667
1 0.559375 0.784375 0.25625 0.127083
1 0.705469 0.546875 0.282813 0.0520833
2 0.257031 0.702083 0.0265625 0.116667
1 0.882031 0.561458 0.0359375 0.06875
1 0.219531 0.653125 0.0265625 0.10625
1 0.353906 0.0541667 0.0546875 0.108333
0 0.709375 0.657292 0.203125 0.0645833
2 0.0390625 0.767708 0.075 0.11875
2 0.696875 0.280208 0.125 0.0729167
0 0.314844 0.0739583 0.129688 0.147917
2 0.65 0.41875 0.021875 0.075
2 0.821094 0.820833 0.0203125 0.0791667
2 0.0390625 0.886458 0.021875 0.13125
0 0.296094 0.638542 0.0859375 0.227083
2 0.235156 0.76875 0.0953125 0.154167
2 0.991406 0.663542 0.0171875 0.0979167
2 0.361719 0.8875 0.0296875 0.129167
2 0.507031 0.740625 0.0984375 0.19375
1 0.409375 0.784375 0.265625 0.15625
1 0.809375 0.304167 0.015625 0.0458333
2 0.626562 0.348958 0.053125 0.0479167
1 0.694531 0.9 0.0828125 0.2
2 0.151562 0.646875 0.03125 0.327083
0 0.251563 0.161458 0.084375 0.210417
2 0.321875 0.753125 0.021875 0.127083
2 0.120312 0.48125 0.0375 0.0541667
1 0.084375 0.489583 0.078125 0.2125
1 0.30625 0.152083 0.034375 0.1125
1 0.442969 0.05 0.0546875 0.0958333
2 0.810938 0.420833 0.03125 0.0583333
0 0.43125 0.7 0.1375 0.0791667
0 0.199219 0.641667 0.0578125 0.2875
0 0.563281 0.663542 0.101562 0.08125
2 0.244531 0.720833 0.0265625 0.116667
1 0.757812 0.0520833 0.0625 0.0916667
0 0.536719 0.0708333 0.154687 0.141667
2 0.471875 0.455208 0.0375 0.04375
2 0.323438 0.708333 0.196875 0.220833
2 0.219531 0.719792 0.0265625 0.114583
0 0.761719 0.39375 0.142188 0.0166667
0 0.764844 0.898958 0.145313 0.06875
0 0.579687 0.391667 0.225 0.166667
1 0.040625 0.791667 0.08125 0.108333
2 0.282031 0.66875 0.0265625 0.0958333
2 0.233594 0.869792 0.182812 0.260417
2 0.359375 0.721875 0.021875 0.10625
2 0.304688 0.736458 0.08125 0.189583
2 0.384375 0.752083 0.015625 0.108333
0 0.579687 0.732292 0.10625 0.06875
0 0.210156 0.192708 0.126563 0.10625
2 0.264844 0.305208 0.170312 0.427083
1 0.7 0.176042 0.20625 0.202083
1 0.78125 0.367708 0.03125 0.0479167
2 0.382812 0.43125 0.015625 0.108333
2 0.909375 0.789583 0.125 0.145833
2 0.0875 0.73125 0.05 0.0916667
2 0.021875 0.769792 0.04375 0.202083
2 0.24375 0.636458 0.028125 0.09375
2 0.21875 0.635417 0.028125 0.1
0 0.188281 0.157292 0.117188 0.135417
2 0.482031 0.483333 0.0484375 0.025
1 0.432031 0.46875 0.0203125 0.0625
2 0.071875 0.61875 0.034375 0.0958333
2 0.25625 0.635417 0.025 0.0916667
0 0.0898438 0.0864583 0.129688 0.135417
2 0.5 0.316667 0.046875 0.05
2 0.482031 0.467708 0.0453125 0.0395833
1 0.749219 0.397917 0.0265625 0.05
2 0.725 0.453125 0.025 0.0729167
0 0.742969 0.708333 0.101562 0.1375
2 0.533594 0.485417 0.0171875 0.05
0 0.416406 0.98125 0.132812 0.0375
2 0.480469 0.498958 0.0515625 0.0479167
2 0.925781 0.404167 0.0421875 0.0666667
2 0.523438 0.270833 0.134375 0.0875
1 0.859375 0.679167 0.146875 0.2
2 0.269531 0.634375 0.0234375 0.0895833
2 0.479688 0.682292 0.09375 0.10625
2 0.872656 0.886458 0.0140625 0.06875
0 0.289844 0.8 0.123438 0.104167
0 0.488281 0.0333333 0.107813 0.0666667
0 0.692969 0.065625 0.0890625 0.09375
0 0.577344 0.1 0.110937 0.133333
2 0.270312 0.76875 0.028125 0.108333
2 0.110937 0.517708 0.146875 0.0895833
1 0.247656 0.0645833 0.0609375 0.129167
2 0.930469 0.594792 0.0546875 0.0604167
1 0.0921875 0.0989583 0.06875 0.197917
0 0.460938 0.109375 0.075 0.21875
2 0.648438 0.4125 0.075 0.129167
1 0.538281 0.271875 0.0515625 0.01875
1 0.283594 0.307292 0.104687 0.177083
0 0.425781 0.373958 0.173438 0.122917
0 0.203906 0.236458 0.0328125 0.197917
0 0.476562 0.35 0.115625 0.179167
2 0.615625 0.351042 0.065625 0.0770833
1 0.046875 0.167708 0.09375 0.239583
0 0.952344 0.06875 0.0953125 0.129167
2 0.633594 0.6 0.148438 0.0416667
1 0.371094 0.719792 0.0203125 0.09375
1 0.721094 0.332292 0.0328125 0.0354167
0 0.0398437 0.363542 0.0796875 0.114583
2 0.457812 0.454167 0.040625 0.0291667
2 0.935938 0.469792 0.046875 0.0979167
1 0.539062 0.320833 0.059375 0.0333333
0 0.714844 0.0395833 0.132812 0.0791667
2 0.820312 0.561458 0.040625 0.0479167
2 0.485156 0.455208 0.0296875 0.0395833
2 0.960938 0.738542 0.046875 0.0895833
2 0.971875 0.746875 0.05625 0.16875
1 0.991406 0.59375 0.0171875 0.125
0 0.763281 0.103125 0.142188 0.14375
0 0.122656 0.721875 0.189063 0.122917
0 0.869531 0.884375 0.139062 0.06875
2 0.0484375 0.9125 0.096875 0.170833
0 0.339844 0.734375 0.170312 0.08125
2 0.313281 0.885417 0.0265625 0.129167
1 0.858594 0.5625 0.0296875 0.0583333
0 0.74375 0.929167 0.0625 0.0541667
2 0.799219 0.538542 0.0234375 0.04375
1 0.390625 0.0510417 0.05625 0.102083
1 0.659375 0.114583 0.23125 0.229167
0 0.136719 0.0927083 0.114063 0.135417
2 0.096875 0.614583 0.034375 0.104167
0 0.264844 0.371875 0.179688 0.48125
1 0.38125 0.136458 0.025 0.122917
1 0.273438 0.44375 0.25625 0.1125
1 0.811719 0.557292 0.0328125 0.05625
1 0.686719 0.0552083 0.223438 0.110417
2 0.307813 0.721875 0.021875 0.114583
2 0.1875 0.78125 0.15 0.308333
2 0.232812 0.719792 0.028125 0.11875
1 0.771875 0.338542 0.03125 0.0520833
2 0.834375 0.541667 0.021875 0.0458333
2 0.910937 0.503125 0.0375 0.0854167
2 0.273438 0.851042 0.021875 0.13125
0 0.855469 0.111458 0.114063 0.222917
2 0.282031 0.634375 0.0203125 0.08125
1 0.275781 0.0614583 0.217187 0.122917
0 0.591406 0.457292 0.107813 0.19375
2 0.457031 0.710417 0.0890625 0.179167
2 0.258594 0.784375 0.0265625 0.11875
1 0.808594 0.3375 0.0265625 0.0375
2 0.339063 0.579167 0.28125 0.3125
2 0.346875 0.752083 0.025 0.125
2 0.280469 0.772917 0.104687 0.179167
0 0.0515625 0.935417 0.103125 0.129167
0 0.889063 0.917708 0.146875 0.0979167
2 0.746094 0.90625 0.0140625 0.108333
0 0.322656 0.648958 0.0796875 0.177083
2 0.707031 0.347917 0.0421875 0.05
2 0.495313 0.464583 0.05 0.0666667
2 0.295312 0.702083 0.025 0.104167
2 0.396094 0.751042 0.0171875 0.110417
2 0.7875 0.519792 0.021875 0.0354167
0 0.539844 0.979167 0.135937 0.0416667
2 0.261719 0.852083 0.0234375 0.133333
2 0.270312 0.719792 0.028125 0.110417
0 0.653906 0.567708 0.154687 0.05625
0 0.335156 0.241667 0.126563 0.179167
0 0.632812 0.896875 0.140625 0.0729167
1 0.346875 0.946875 0.053125 0.10625
2 0.573438 0.447917 0.034375 0.108333
0 0.757031 0.65625 0.198437 0.179167
1 0.485938 0.332292 0.0375 0.0479167
2 0.949219 0.816667 0.0296875 0.075
1 0.79375 0.36875 0.028125 0.0458333
2 0.0507812 0.848958 0.101562 0.172917
2 0.920313 0.930208 0.040625 0.0395833
2 0.710938 0.415625 0.025 0.0604167
1 0.511719 0.434375 0.0171875 0.0729167
1 0.525781 0.290625 0.0515625 0.04375
1 0.707812 0.330208 0.0375 0.0395833
1 0.405469 0.0510417 0.0453125 0.102083
2 0.29375 0.635417 0.021875 0.0708333
2 0.435937 0.742708 0.065625 0.139583
2 0.721875 0.415625 0.025 0.0604167
2 0.734375 0.415625 0.03125 0.06875
2 0.936719 0.708333 0.0515625 0.0416667
2 0.33125 0.771875 0.1 0.214583
2 0.697656 0.713542 0.0953125 0.09375
1 0.420312 0.854167 0.240625 0.166667
2 0.759375 0.538542 0.021875 0.0479167
2 0.769531 0.398958 0.0265625 0.03125
1 0.849219 0.475 0.0328125 0.0875
0 0.755469 0.186458 0.148438 0.102083
2 0.489062 0.4 0.021875 0.0416667
2 0.2375 0.579167 0.290625 0.208333
0 0.746094 0.49375 0.314063 0.0708333
1 0.488281 0.315625 0.0484375 0.0395833
2 0.325 0.886458 0.025 0.122917
1 0.626562 0.332292 0.053125 0.0395833
2 0.600781 0.146875 0.223438 0.135417
2 0.233594 0.711458 0.220313 0.277083
2 0.647656 0.505208 0.0265625 0.05625
2 0.975781 0.38125 0.0453125 0.120833
0 0.384375 0.665625 0.134375 0.08125
0 0.708594 0.853125 0.264062 0.10625
1 0.354688 0.153125 0.025 0.10625
1 0.296094 0.841667 0.0515625 0.233333
2 0.508594 0.482292 0.0578125 0.0479167
0 0.534375 0.0395833 0.121875 0.0791667
0 0.464063 0.978125 0.140625 0.04375
1 0.0453125 0.49375 0.04375 0.225
0 0.334375 0.898958 0.171875 0.185417
2 0.848437 0.520833 0.03125 0.05
0 0.532031 0.7125 0.0953125 0.179167
0 0.583594 0.76875 0.0921875 0.0583333
1 0.821094 0.807292 0.214062 0.385417
2 0.436719 0.369792 0.0296875 0.0270833
2 0.360156 0.7875 0.0234375 0.129167
1 0.795313 0.3375 0.025 0.0458333
0 0.792188 0.925 0.090625 0.0708333
2 0.423438 0.296875 0.10625 0.24375
0 0.357031 0.530208 0.160938 0.0854167
2 0.490625 0.451042 0.13125 0.26875
2 0.421094 0.367708 0.0265625 0.03125
1 0.579687 0.286458 0.28125 0.572917
2 0.836719 0.520833 0.0296875 0.0375
2 0.375 0.886458 0.028125 0.122917
1 0.34375 0.152083 0.028125 0.1
2 0.371094 0.235417 0.314063 0.470833
0 0.728125 0.10625 0.109375 0.2125
1 0.948438 0.271875 0.0625 0.139583
2 0.282031 0.719792 0.0234375 0.10625
2 0.141406 0.707292 0.148438 0.21875
0 0.576563 0.822917 0.10625 0.216667
1 0.4875 0.298958 0.053125 0.0520833
1 0.150781 0.228125 0.0296875 0.20625
1 0.757031 0.384375 0.0265625 0.0354167
2 0.372656 0.785417 0.0203125 0.125
0 0.649219 0.908333 0.0453125 0.170833
0 0.185156 0.09375 0.104687 0.141667
2 0.950781 0.713542 0.0921875 0.127083
2 0.0828125 0.634375 0.0375 0.102083
2 0.936719 0.434375 0.0328125 0.0604167
2 0.847656 0.8875 0.0140625 0.0708333
1 0.310937 0.4125 0.253125 0.295833
2 0.295312 0.752083 0.025 0.116667
2 0.833594 0.889583 0.0109375 0.0666667
0 0.530469 0.930208 0.145313 0.114583
2 0.139844 0.158333 0.185937 0.175
2 0.279687 0.639583 0.246875 0.183333
0 0.933594 0.388542 0.132812 0.19375
1 0.332812 0.136458 0.03125 0.114583
0 0.894531 0.851042 0.135937 0.0479167
0 0.607031 0.865625 0.135937 0.0770833
2 0.958594 0.90625 0.0390625 0.0958333
2 0.978906 0.436458 0.0296875 0.31875
2 0.748438 0.816667 0.01875 0.120833
0 0.700781 0.779167 0.304688 0.075
0 0.389062 0.075 0.115625 0.15
2 0.98125 0.55625 0.0375 0.1125
0 0.432813 0.628125 0.109375 0.10625
1 0.474219 0.271875 0.0578125 0.110417
2 0.836719 0.45625 0.0203125 0.0583333
0 0.955469 0.244792 0.0890625 0.235417
2 0.860156 0.8875 0.0109375 0.0666667
2 0.278125 0.709375 0.075 0.135417
1 0.420312 0.403125 0.321875 0.18125
0 0.382031 0.786458 0.279687 0.152083
1 0.198437 0.0635417 0.046875 0.127083
1 0.525781 0.271875 0.0515625 0.04375
2 0.961719 0.4 0.0609375 0.0708333
0 0.484375 0.952083 0.1875 0.0958333
0 0.339063 0.767708 0.1875 0.0854167
2 0.925781 0.4375 0.0328125 0.0708333
1 0.0898438 0.15625 0.151562 0.179167
0 0.238281 0.03125 0.145313 0.0625
2 0.576563 0.504167 0.315625 0.104167
1 0.761719 0.1 0.189063 0.2
2 0.634375 0.504167 0.028125 0.075
0 0.338281 0.798958 0.142188 0.114583
2 0.521094 0.397917 0.0234375 0.0333333
2 0.0453125 0.903125 0.034375 0.19375
2 0.934375 0.854167 0.025 0.0541667
2 0.774219 0.521875 0.0203125 0.03125
1 0.173438 0.495833 0.121875 0.1875
0 0.198437 0.779167 0.046875 0.258333
2 0.285937 0.140625 0.246875 0.28125
2 0.945312 0.592708 0.046875 0.09375
2 0.500781 0.398958 0.0203125 0.0479167
2 0.970312 0.8875 0.025 0.0833333
1 0.758594 0.397917 0.0265625 0.0333333
0 0.565625 0.592708 0.109375 0.102083
0 0.750781 0.283333 0.129688 0.0958333
2 0.53125 0.684375 0.1125 0.152083
2 0.235938 0.0979167 0.24375 0.195833
0 0.94375 0.695833 0.046875 0.2
2 0.501562 0.415625 0.03125 0.08125
0 0.742188 0.901042 0.08125 0.19375
0 0.199219 0.171875 0.0484375 0.21875
2 0.56875 0.438542 0.253125 0.13125
1 0.813281 0.513542 0.267188 0.23125
2 0.703906 0.4875 0.0265625 0.0583333
1 0.746875 0.351042 0.0375 0.0604167
2 0.385938 0.769792 0.078125 0.172917
0 0.953906 0.09375 0.0921875 0.1875
2 0.664844 0.486458 0.0296875 0.05625
2 0.327344 0.882292 0.192188 0.235417
1 0.498437 0.3625 0.04375 0.05
1 0.246094 0.84375 0.0578125 0.216667
1 0.523438 0.369792 0.04375 0.0520833
2 0.885156 0.8875 0.0140625 0.0666667
2 0.405469 0.711458 0.0890625 0.172917
2 0.945312 0.619792 0.0375 0.08125
1 0.185156 0.836458 0.160938 0.327083
2 0.139844 0.838542 0.132812 0.272917
2 0.972656 0.753125 0.0328125 0.0979167
0 0.0382813 0.297917 0.0765625 0.116667
2 0.907031 0.538542 0.0359375 0.0645833
1 0.677344 0.217708 0.0203125 0.06875
1 0.792969 0.94375 0.0921875 0.1125
0 0.634375 0.461458 0.253125 0.0729167
0 0.0367187 0.197917 0.0734375 0.116667
0 0.764844 0.133333 0.0734375 0.170833
2 0.442969 0.339583 0.0609375 0.175
2 0.628125 0.284375 0.146875 0.0729167
1 0.782031 0.3375 0.0265625 0.0375
0 0.336719 0.667708 0.104687 0.0520833
2 0.796094 0.417708 0.0296875 0.0520833
2 0.65 0.4875 0.025 0.0541667
1 0.971094 0.270833 0.0515625 0.133333
1 0.0460938 0.0635417 0.0921875 0.127083
2 0.646875 0.348958 0.11875 0.18125
2 0.876562 0.361458 0.246875 0.21875
1 0.090625 0.902083 0.034375 0.195833
1 0.367188 0.153125 0.025 0.102083
2 0.740625 0.630208 0.11875 0.14375
0 0.74375 0.989583 0.096875 0.0208333
0 0.0367187 0.13125 0.0734375 0.15
1 0.244531 0.910417 0.0515625 0.179167
2 0.084375 0.601042 0.040625 0.08125
2 0.65 0.285417 0.134375 0.0416667
1 0.090625 0.0520833 0.06875 0.104167
2 0.782812 0.415625 0.028125 0.0645833
0 0.364062 0.439583 0.45 0.154167
2 0.4875 0.364583 0.0375 0.0375
1 0.0484375 0.596875 0.096875 0.114583
0 0.790625 0.627083 0.10625 0.133333
2 0.635156 0.477083 0.295312 0.133333
0 0.658594 0.582292 0.273438 0.08125
1 0.885938 0.025 0.103125 0.05
1 0.880469 0.2 0.0609375 0.1375
1 0.040625 0.728125 0.08125 0.127083
1 0.521094 0.434375 0.0140625 0.0604167
2 0.449219 0.366667 0.0296875 0.0416667
2 0.775781 0.505208 0.0140625 0.0479167
2 0.552344 0.302083 0.0859375 0.1125
2 0.969531 0.253125 0.0609375 0.14375
0 0.360938 0.0958333 0.078125 0.191667
2 0.847656 0.488542 0.0359375 0.0604167
2 0.783594 0.889583 0.0203125 0.0833333
1 0.500781 0.946875 0.0984375 0.10625
1 0.764844 0.858333 0.217187 0.225
1 0.146094 0.163542 0.0421875 0.235417
1 0.545313 0.939583 0.115625 0.120833
2 0.638281 0.452083 0.0203125 0.0625
2 0.728906 0.56875 0.110937 0.154167
2 0.28125 0.79375 0.19375 0.345833
0 0.14375 0.780208 0.0375 0.252083
2 0.498437 0.345833 0.04375 0.0583333
2 0.971875 0.786458 0.025 0.08125
2 0.811719 0.540625 0.0265625 0.0354167
1 0.328906 0.0541667 0.0453125 0.108333
1 0.874219 0.0822917 0.223438 0.164583
0 0.882812 0.36875 0.08125 0.241667
0 0.744531 0.961458 0.101562 0.0520833
0 0.345313 0.704167 0.08125 0.241667
2 0.652344 0.777083 0.0953125 0.166667
0 0.94375 0.307292 0.05625 0.264583
1 0.311719 0.508333 0.220313 0.1125
2 0.951563 0.430208 0.03125 0.114583
1 0.977344 0.104167 0.0453125 0.208333
0 0.692969 0.991667 0.0953125 0.0166667
0 0.605469 0.40625 0.789062 0.8125
2 0.647656 0.321875 0.142188 0.0854167
1 0.146094 0.0583333 0.0484375 0.116667
2 0.0953125 0.710417 0.134375 0.154167
1 0.884375 0.295833 0.0875 0.2
0 0.940625 0.309375 0.11875 0.210417
1 0.689062 0.4375 0.303125 0.2375
0 0.75625 0.814583 0.275 0.2875
2 0.382812 0.715625 0.078125 0.127083
2 0.619531 0.501042 0.0390625 0.0854167
0 0.753125 0.546875 0.29375 0.0729167
0 0.607813 0.498958 0.05 0.160417
0 0.299219 0.770833 0.0546875 0.279167
0 0.788281 0.959375 0.0984375 0.0604167
2 0.728906 0.488542 0.0234375 0.0479167
2 0.6125 0.445833 0.040625 0.125
2 0.185156 0.160417 0.167187 0.254167
2 0.697656 0.746875 0.0984375 0.0729167
1 0.459375 0.289583 0.046875 0.0583333
2 0.499219 0.38125 0.0359375 0.0833333
2 0.0625 0.698958 0.0625 0.0895833
1 0.894531 0.0666667 0.0703125 0.133333
2 0.236719 0.435417 0.289062 0.341667
0 0.8625 0.952083 0.11875 0.0666667
2 0.828906 0.438542 0.289062 0.364583
1 0.451562 0.046875 0.178125 0.09375
2 0.948438 0.786458 0.103125 0.14375
1 0.76875 0.504167 0.34375 0.416667
0 0.0570313 0.0395833 0.114063 0.0791667
0 0.566406 0.630208 0.110937 0.0895833
2 0.0507812 0.884375 0.0234375 0.110417
2 0.06875 0.802083 0.084375 0.108333
1 0.84375 0.059375 0.09375 0.11875
1 0.221094 0.50625 0.176563 0.141667
2 0.428906 0.647917 0.207813 0.55
0 0.985937 0.30625 0.028125 0.25
1 0.0796875 0.0604167 0.146875 0.120833
0 0.878906 0.288542 0.242188 0.314583
2 0.716406 0.4875 0.0234375 0.0625
1 0.195312 0.839583 0.065625 0.233333
1 0.31875 0.570833 0.15625 0.154167
0 0.792188 0.7625 0.153125 0.208333
2 0.75 0.519792 0.015625 0.0395833
2 0.946875 0.925 0.0375 0.0625
2 0.95 0.464583 0.04375 0.1375
0 0.666406 0.034375 0.142188 0.06875
2 0.821875 0.542708 0.03125 0.0395833
2 0.439844 0.379167 0.110937 0.258333
2 0.933594 0.640625 0.0390625 0.04375
2 0.948438 0.85 0.021875 0.0875
0 0.89375 0.520833 0.2125 0.25
2 0.95 0.783333 0.040625 0.108333
0 0.53125 0.58125 0.1375 0.154167
2 0.525 0.347917 0.0625 0.0666667
0 0.755469 0.585417 0.251563 0.0833333
0 0.639063 0.838542 0.034375 0.227083
2 0.967969 0.911458 0.0640625 0.0979167
1 0.538281 0.304167 0.0484375 0.025
0 0.5875 0.804167 0.075 0.05
2 0.747656 0.414583 0.0265625 0.0666667
0 0.291406 0.972917 0.114063 0.0541667
2 0.813281 0.503125 0.0203125 0.0479167
0 0.93125 0.241667 0.1375 0.3
0 0.977344 0.716667 0.0453125 0.1625
2 0.329688 0.7125 0.078125 0.170833
0 0.654688 0.596875 0.16875 0.0729167
2 0.8 0.51875 0.015625 0.0333333
0 0.429688 0.6625 0.140625 0.0958333
2 0.824219 0.522917 0.0296875 0.0375
2 0.828125 0.297917 0.321875 0.4125
0 0.991406 0.640625 0.0171875 0.235417
0 0.60625 0.93125 0.146875 0.108333
2 0.65 0.452083 0.025 0.05
2 0.798437 0.8875 0.015625 0.0833333
2 0.835156 0.490625 0.0234375 0.04375
0 0.70625 0.455208 0.275 0.139583
2 0.935938 0.676042 0.053125 0.0479167
2 0.908594 0.8875 0.0234375 0.0625
1 0.284375 0.920833 0.171875 0.158333
2 0.786719 0.488542 0.0203125 0.03125
2 0.897656 0.888542 0.0203125 0.06875
2 0.948438 0.638542 0.046875 0.202083
1 0.760938 0.340625 0.028125 0.0395833
0 0.439063 0.7625 0.19375 0.270833
2 0.141406 0.377083 0.245312 0.1875
0 0.621875 0.7125 0.115625 0.1875
2 0.68125 0.466667 0.284375 0.241667
2 0.471875 0.278125 0.121875 0.172917
1 0.275 0.771875 0.55 0.45625
2 0.810938 0.473958 0.01875 0.0395833
1 0.244531 0.947917 0.0578125 0.104167
1 0.040625 0.05625 0.065625 0.1125
0 0.0375 0.0666667 0.075 0.133333
2 0.142188 0.229167 0.203125 0.208333
2 0.748438 0.45 0.021875 0.0791667
2 0.740625 0.486458 0.028125 0.0520833
0 0.692187 0.964583 0.1 0.0541667
2 0.522656 0.380208 0.0359375 0.0854167
1 0.742969 0.0635417 0.107813 0.127083
0 0.775781 0.367708 0.389062 0.26875
0 0.442187 0.4375 0.153125 0.108333
0 0.5875 0.983333 0.1125 0.0333333
1 0.960156 0.9625 0.0796875 0.075
0 0.191406 0.220833 0.110937 0.104167
1 0.141406 0.842708 0.0484375 0.260417
0 0.582812 0.838542 0.10625 0.0645833
2 0.4875 0.382292 0.03125 0.0604167
0 0.791406 0.829167 0.126563 0.1875
1 0.176563 0.071875 0.184375 0.14375
1 0.296875 0.95 0.05 0.1
2 0.957812 0.638542 0.034375 0.0895833
0 0.819531 0.297917 0.135937 0.145833
0 0.760938 0.960417 0.159375 0.0791667
2 0.519531 0.461458 0.0421875 0.06875
0 0.186719 0.0322917 0.114063 0.0645833
0 0.911719 0.942708 0.148438 0.114583
1 0.628906 0.238542 0.260938 0.339583
0 0.608594 0.660417 0.107813 0.1
0 0.84375 0.946875 0.084375 0.10625
0 0.1375 0.0333333 0.1375 0.0666667
2 0.763281 0.505208 0.0140625 0.0395833
1 0.192969 0.94375 0.0671875 0.1125
0 0.358594 0.363542 0.357812 0.0854167
0 0.990625 0.778125 0.01875 0.285417
0 0.817969 0.213542 0.107813 0.189583
1 0.985156 0.225 0.0296875 0.2875
0 0.771875 0.425 0.09375 0.179167
0 0.365625 0.494792 0.096875 0.139583
0 0.665625 0.982292 0.13125 0.0354167
0 0.707812 0.897917 0.171875 0.1375
1 0.0882813 0.0854167 0.164062 0.145833
1 0.04375 0.938542 0.059375 0.122917
2 0.814062 0.520833 0.025 0.0333333
0 0.6875 0.710417 0.240625 0.154167
1 0.923437 0.0229167 0.1125 0.0458333
0 0.635938 0.960417 0.1625 0.0791667
2 0.149219 0.726042 0.298438 0.547917
2 0.95625 0.701042 0.0875 0.202083
2 0.371875 0.782292 0.203125 0.252083
1 0.820312 0.165625 0.234375 0.33125
2 0.509375 0.45 0.025 0.0625
2 0.784375 0.448958 0.01875 0.0645833
2 0.688281 0.510417 0.101562 0.141667
1 0.0367187 0.0979167 0.0703125 0.195833
2 0.5 0.302083 0.1 0.116667
2 0.101562 0.438542 0.19375 0.139583
0 0.698438 0.526042 0.275 0.102083
1 0.795313 0.0666667 0.090625 0.133333
2 0.770312 0.414583 0.028125 0.0416667
1 0.0914062 0.940625 0.0578125 0.11875
2 0.7625 0.519792 0.015625 0.0354167
0 0.814844 0.365625 0.0859375 0.13125
2 0.810938 0.452083 0.015625 0.0625
0 0.789062 0.986458 0.09375 0.0270833
2 0.414062 0.480208 0.203125 0.13125
2 0.975 0.851042 0.05 0.135417
1 0.0382813 0.234375 0.0453125 0.214583
2 0.774219 0.489583 0.0203125 0.0166667
1 0.829687 0.153125 0.08125 0.289583
2 0.0632813 0.735417 0.0640625 0.075
2 0.950781 0.702083 0.0453125 0.0958333
0 0.749219 0.578125 0.0859375 0.11875
2 0.933594 0.660417 0.0390625 0.0375
0 0.8875 0.686458 0.096875 0.19375
2 0.775781 0.471875 0.0171875 0.03125
1 0.0429688 0.6625 0.0859375 0.1125
2 0.7875 0.470833 0.015625 0.0458333
0 0.683594 0.778125 0.207813 0.164583
0 0.94375 0.638542 0.1125 0.24375
1 0.945312 0.103125 0.090625 0.20625
0 0.876562 0.623958 0.246875 0.16875
2 0.971094 0.719792 0.0390625 0.09375
0 0.655469 0.929167 0.173438 0.141667
2 0.759375 0.414583 0.028125 0.0458333
1 0.510156 0.367708 0.0296875 0.0354167
1 0.1875 0.925 0.18125 0.15
1 0.0375 0.163542 0.053125 0.20625
0 0.636719 0.852083 0.726562 0.295833
2 0.834375 0.907292 0.16875 0.160417
2 0.522656 0.4125 0.0171875 0.0583333
0 0.865625 0.982292 0.09375 0.0354167
2 0.419531 0.38125 0.0296875 0.0458333
1 0.50625 0.105208 0.21875 0.210417
0 0.610156 0.0677083 0.114063 0.102083
2 0.714063 0.894792 0.2375 0.210417
0 0.888281 0.626042 0.0828125 0.172917
1 0.127344 0.484375 0.0578125 0.210417
2 0.810156 0.888542 0.0109375 0.0770833
1 0.786719 0.946875 0.217187 0.10625
2 0.810156 0.488542 0.0203125 0.03125
0 0.928125 0.698958 0.14375 0.235417
2 0.577344 0.24375 0.139062 0.075
2 0.822656 0.453125 0.0203125 0.06875
1 0.514844 0.333333 0.0390625 0.0375
2 0.821875 0.889583 0.015625 0.0791667
2 0.899219 0.905208 0.139062 0.102083
0 0.336719 0.944792 0.179688 0.110417
0 0.932813 0.841667 0.134375 0.179167
0 0.398438 0.698958 0.140625 0.272917
0 0.694531 0.325 0.289062 0.116667
2 0.435156 0.385417 0.0265625 0.0333333
2 0.732031 0.432292 0.0703125 0.202083
1 0.140625 0.939583 0.059375 0.120833
2 0.703125 0.813542 0.109375 0.114583
0 0.528906 0.657292 0.173438 0.152083
2 0.142188 0.298958 0.24375 0.222917
2 0.1 0.846875 0.11875 0.214583
2 0.701563 0.388542 0.0875 0.222917
2 0.588281 0.313542 0.157813 0.34375
0 0.589844 0.563542 0.139062 0.13125
0 0.836719 0.627083 0.101562 0.0875
2 0.921875 0.555208 0.059375 0.0770833
2 0.392188 0.94375 0.2125 0.1125
0 0.564062 0.263542 0.475 0.51875
1 0.759375 0.36875 0.028125 0.0375
0 0.6875 0.635417 0.125 0.166667
0 0.915625 0.880208 0.16875 0.122917
0 0.315625 0.288542 0.403125 0.577083
0 0.474219 0.301042 0.198437 0.602083
2 0.694531 0.325 0.117188 0.120833
2 0.0945313 0.926042 0.142188 0.147917
2 0.5125 0.345833 0.040625 0.0416667
0 0.310937 0.41875 0.534375 0.429167
0 0.916406 0.971875 0.110937 0.05625
0 0.0375 0.970833 0.075 0.0583333
2 0.0671875 0.765625 0.075 0.09375
0 0.769531 0.4875 0.0921875 0.141667
2 0.967969 0.78125 0.0640625 0.170833
2 0.921875 0.889583 0.03125 0.0583333
1 0.521094 0.447917 0.0203125 0.0666667
2 0.798437 0.488542 0.0125 0.0354167
2 0.799219 0.471875 0.0140625 0.04375
0 0.791406 0.896875 0.0734375 0.20625
2 0.396094 0.380208 0.0203125 0.0479167
1 0.832031 0.625 0.295312 0.258333
1 0.942187 0.21875 0.053125 0.325
1 0.40625 0.180208 0.259375 0.360417
2 0.677344 0.41875 0.235938 0.608333
2 0.772656 0.448958 0.0234375 0.0520833
2 0.821094 0.491667 0.0265625 0.0416667
2 0.935938 0.517708 0.04375 0.0895833
0 0.3375 0.382292 0.209375 0.152083
1 0.575 0.153125 0.253125 0.239583
2 0.970312 0.655208 0.03125 0.09375
0 0.341406 0.972917 0.123438 0.0541667
1 0.23125 0.695833 0.4625 0.608333
0 0.375781 0.241667 0.235938 0.216667
0 0.971875 0.975 0.05625 0.05
2 0.965625 0.51875 0.06875 0.166667
1 0.890625 0.153125 0.075 0.30625
0 0.3125 0.733333 0.496875 0.533333
0 0.703125 0.429167 0.265625 0.0541667
2 0.209375 0.208333 0.41875 0.416667
2 0.958594 0.672917 0.0484375 0.0916667
0 0.596875 0.329167 0.30625 0.0833333
2 0.475 0.384375 0.034375 0.0729167
0 0.715625 0.980208 0.134375 0.0395833
2 0.461719 0.365625 0.0390625 0.0479167
2 0.952344 0.909375 0.0859375 0.0979167
1 0.776563 0.559375 0.10625 0.13125
0 0.700781 0.389583 0.251563 0.0458333
1 0.389844 0.467708 0.292188 0.197917
2 0.382031 0.364583 0.0203125 0.0375
1 0.891406 0.747917 0.139062 0.229167
1 0.5 0.621875 0.25625 0.152083
0 0.76875 0.35625 0.09375 0.170833
0 0.967969 0.938542 0.0640625 0.122917
0 0.679688 0.570833 0.159375 0.145833
0 0.432031 0.50625 0.254687 0.125
0 0.613281 0.0375 0.135937 0.075
2 0.728906 0.945833 0.195312 0.108333
2 0.933594 0.889583 0.0296875 0.0583333
0 0.875781 0.4875 0.107813 0.241667
0 0.585156 0.628125 0.151562 0.18125
1 0.499219 0.271875 0.0546875 0.08125
2 0.928906 0.486458 0.0546875 0.235417
0 0.702344 0.7875 0.351562 0.425
0 0.824219 0.648958 0.351562 0.39375
2 0.511719 0.414583 0.0171875 0.05
1 0.417969 0.605208 0.239063 0.38125
2 0.382812 0.380208 0.01875 0.0395833
2 0.636719 0.840625 0.260938 0.102083
2 0.842969 0.947917 0.223438 0.104167
0 0.372656 0.307292 0.629687 0.614583
0 0.889844 0.6875 0.220313 0.154167
0 0.48125 0.626042 0.1625 0.122917
1 0.945312 0.755208 0.071875 0.23125
1 0.516406 0.241667 0.554688 0.458333
0 0.9875 0.927083 0.025 0.145833
2 0.408594 0.379167 0.0296875 0.0458333
0 0.920313 0.136458 0.159375 0.272917
0 0.892969 0.938542 0.0484375 0.122917
0 0.142188 0.642708 0.284375 0.61875
0 0.66875 0.276042 0.475 0.552083
0 0.844531 0.897917 0.0453125 0.195833
2 0.796875 0.448958 0.015625 0.0604167
2 0.939062 0.95625 0.121875 0.0875
1 0.6875 0.379167 0.075 0.166667
1 0.464844 0.307292 0.285937 0.214583
0 0.382812 0.51875 0.3 0.233333
2 0.460938 0.386458 0.04375 0.0604167
2 0.530469 0.338542 0.107813 0.18125
0 0.895312 0.883333 0.028125 0.233333
0 0.58125 0.957292 0.15 0.0854167
2 0.935156 0.3625 0.107813 0.195833
2 0.752344 0.486458 0.0203125 0.0395833
0 0.989844 0.889583 0.0171875 0.220833
0 0.970312 0.498958 0.015625 0.239583
0 0.578906 0.904167 0.107813 0.108333
2 0.948438 0.653125 0.034375 0.0979167
0 0.770312 0.164583 0.309375 0.283333
1 0.551562 0.875 0.159375 0.25
0 0.325781 0.459375 0.198437 0.147917
1 0.8 0.775 0.4 0.241667
2 0.428906 0.857292 0.245312 0.285417
0 0.880469 0.565625 0.104687 0.185417
0 0.944531 0.934375 0.0390625 0.13125
2 0.948438 0.884375 0.025 0.0895833
1 0.573438 0.415625 0.26875 0.172917
2 0.764063 0.470833 0.01875 0.0375
0 0.199219 0.371875 0.398438 0.714583
0 0.277344 0.825 0.554688 0.35
2 0.366406 0.488542 0.257812 0.214583
2 0.510156 0.397917 0.0109375 0.0291667
2 0.759375 0.45 0.021875 0.0541667
2 0.939062 0.434375 0.121875 0.210417
2 0.510938 0.38125 0.028125 0.0583333
0 0.896875 0.815625 0.059375 0.21875
2 0.575 0.877083 0.378125 0.245833
0 0.657812 0.627083 0.190625 0.0875
0 0.960938 0.570833 0.078125 0.166667
2 0.811719 0.65625 0.376563 0.495833
1 0.547656 0.0479167 0.210938 0.0958333
2 0.273438 0.369792 0.309375 0.739583
0 0.938281 0.563542 0.0671875 0.202083
2 0.764063 0.4875 0.01875 0.025
2 0.778125 0.757292 0.3625 0.364583
0 0.714844 0.230208 0.260938 0.23125
2 0.486719 0.34375 0.104687 0.2375
0 0.81875 0.4375 0.090625 0.154167
2 0.621875 0.308333 0.4375 0.616667
0 0.845312 0.826042 0.1 0.172917
0 0.946875 0.825 0.028125 0.229167
0 0.883594 0.16875 0.198437 0.3375
0 0.584375 0.44375 0.34375 0.5125
1 0.496094 0.103125 0.148438 0.19375
0 0.316406 0.301042 0.126563 0.214583
1 0.470313 0.819792 0.153125 0.360417
0 0.246094 0.1875 0.492188 0.375
0 0.73125 0.296875 0.103125 0.25625
2 0.638281 0.953125 0.239063 0.09375
2 0.635938 0.916667 0.340625 0.0958333
2 0.9625 0.557292 0.0625 0.110417
0 0.471875 0.258333 0.2125 0.1625
0 0.821094 0.501042 0.114063 0.122917
2 0.367188 0.383333 0.6125 0.766667
1 0.783594 0.440625 0.432813 0.38125
2 0.6 0.313542 0.10625 0.152083
0 0.483594 0.176042 0.110937 0.20625
0 0.650781 0.389583 0.282813 0.104167
0 0.449219 0.528125 0.0921875 0.472917
1 0.478125 0.652083 0.2 0.695833
0 0.734375 0.360417 0.046875 0.2
0 0.807031 0.778125 0.385938 0.289583
0 0.310156 0.294792 0.579687 0.23125
0 0.822656 0.5625 0.132812 0.0958333
0 0.730469 0.810417 0.539062 0.379167
2 0.95 0.514583 0.040625 0.141667
2 0.572656 0.277083 0.135937 0.0708333
1 0.188281 0.579167 0.376563 0.579167
0 0.703906 0.5 0.267188 1
2 0.958594 0.364583 0.0828125 0.145833
1 0.56875 0.483333 0.378125 0.1875
0 0.760938 0.459375 0.478125 0.41875
0 0.709375 0.152083 0.18125 0.1875
0 0.707031 0.944792 0.195312 0.110417
1 0.686719 0.380208 0.626562 0.722917
1 0.835938 0.367708 0.328125 0.672917
0 0.975781 0.559375 0.0203125 0.21875
2 0.314844 0.369792 0.173438 0.20625
0 0.482031 0.5 0.220313 1
2 0.464844 0.311458 0.164062 0.35625
2 0.517969 0.698958 0.285937 0.602083
0 0.971875 0.873958 0.05625 0.172917
0 0.757031 0.360417 0.182812 0.3125
2 0.542969 0.611458 0.248437 0.135417
1 0.714063 0.516667 0.321875 0.966667
0 0.934375 0.504167 0.13125 0.225
2 0.528906 0.432292 0.0984375 0.235417
1 0.622656 0.365625 0.173438 0.235417
0 0.354688 0.298958 0.459375 0.0854167
1 0.0890625 0.5 0.178125 1
1 0.583594 0.935417 0.264062 0.129167
2 0.842969 0.83125 0.292188 0.2875
2 0.667969 0.173958 0.335938 0.252083
0 0.215625 0.629167 0.3 0.620833
0 0.813281 0.361458 0.176563 0.560417
2 0.572656 0.352083 0.104687 0.1875
0 0.785156 0.833333 0.429688 0.333333
2 0.901563 0.833333 0.196875 0.183333
2 0.317969 0.30625 0.245312 0.279167
0 0.466406 0.36875 0.170312 0.316667
2 0.473437 0.780208 0.175 0.439583
0 0.370313 0.515625 0.15625 0.73125
0 0.623438 0.15 0.225 0.166667
0 0.424219 0.590625 0.120312 0.81875
0 0.469531 0.823958 0.723437 0.352083
0 0.767969 0.628125 0.382812 0.497917
1 0.513281 0.8 0.242188 0.4
0 0.835938 0.760417 0.303125 0.283333
1 0.647656 0.516667 0.704687 0.883333
2 0.536719 0.317708 0.0515625 0.289583
1 0.663281 0.709375 0.517187 0.464583
0 0.61875 0.704167 0.396875 0.475
0 0.648438 0.323958 0.284375 0.210417
1 0.707812 0.628125 0.24375 0.58125
0 0.411719 0.314583 0.201562 0.179167
0 0.405469 0.258333 0.357812 0.445833
0 0.569531 0.254167 0.254687 0.275
1 0.502344 0.189583 0.310937 0.366667
0 0.529688 0.16875 0.10625 0.1625
0 0.175 0.5 0.35 1
0 0.533594 0.7375 0.260938 0.270833
2 0.711719 0.236458 0.526563 0.272917
0 0.632031 0.497917 0.689062 0.745833
1 0.475781 0.896875 0.239063 0.20625
0 0.46875 0.422917 0.296875 0.233333
0 0.8875 0.757292 0.225 0.15625
2 0.592188 0.791667 0.39375 0.316667
0 0.617969 0.302083 0.620313 0.2625
1 0.707031 0.396875 0.585938 0.79375
2 0.417188 0.239583 0.19375 0.233333
2 0.598437 0.702083 0.51875 0.595833
1 0.271875 0.490625 0.54375 0.902083
2 0.415625 0.426042 0.253125 0.28125
0 0.470313 0.361458 0.4625 0.235417
0 0.367188 0.569792 0.33125 0.860417
1 0.527344 0.6875 0.423438 0.625
2 0.366406 0.358333 0.439063 0.270833
0 0.479688 0.508333 0.48125 0.983333
2 0.535156 0.541667 0.214062 0.2375
2 0.477344 0.489583 0.232812 0.229167
